Kunal,14,94.72642540931702Kuanl,12,56.158183574676514Rohan,12,33.32118105888367Rohan,19,139.44227528572083Shivani,11,78.37293457984924Vibhuti,12,60.46276807785034Ayush,12,34.055158853530884Anshu,8,28.415071964263916@yush,9,38.87100338935852@yush,11,31.41471838951111
